Tested Cases: 1165, Bad Cases: 7

Confounding: +
[(1, 2)]
---Edges---
[(2, 1), (3, 2), (4, 2)]
[(1, 2), (3, 1), (4, 1)]

1 {(1, 2), (2, 1)}
2 {(1, 2), (2, 1), (3, 1)}
3 {(1, 2), (2, 1), (3, 2)}
4 {(1, 2), (2, 1), (3, 1), (3, 2)}
5 {(1, 2), (2, 1), (4, 1)}
6 {(1, 2), (3, 1), (4, 1)}
7 {(1, 2), (2, 1), (3, 1), (4, 1)}
8 {(1, 2), (2, 1), (4, 2)}
9 {(2, 1), (3, 2), (4, 2)}
10 {(1, 2), (2, 1), (3, 2), (4, 2)}
11 {(1, 2), (2, 1), (4, 1), (4, 2)}

Confounding:
[(1, 2)]
---Edges---
[(2, 1), (3, 2), (3, 4), (4, 2)]
[(1, 2), (3, 1), (3, 4), (4, 1)]

Confounding:
[(1, 2)]
---Edges---
[(2, 1), (3, 2), (4, 2), (4, 3)]
[(1, 2), (3, 1), (4, 1), (4, 3)]

Confounding: +-
[(1, 2), (1, 3), (2, 3), (1, 4)]
---Edges---
[(1, 3), (3, 2), (4, 3)]
[(1, 3), (3, 2), (4, 1), (4, 3)]
[(1, 2), (2, 3), (4, 2)]
[(1, 2), (2, 3), (4, 1), (4, 2)]

Confounding:
[(1, 2), (1, 3), (2, 3), (1, 4)]
---Edges---
[(1, 3), (1, 4), (3, 2), (4, 3)]
[(1, 2), (1, 4), (2, 3), (4, 2)]

Confounding:
[(1, 2), (1, 3), (1, 4), (2, 3)]
---Edges---
[(1, 3), (3, 2), (4, 3)]
[(1, 3), (3, 2), (4, 1), (4, 3)]
[(1, 2), (2, 3), (4, 2)]
[(1, 2), (2, 3), (4, 1), (4, 2)]

Confounding:
[(1, 2), (1, 3), (1, 4), (2, 3)]
---Edges---
[(1, 3), (1, 4), (3, 2), (4, 3)]
[(1, 2), (1, 4), (2, 3), (4, 2)]